HSL(3.75,255,128)
HSL(11.25,255,128)
HSL(18.75,255,128)
HSL(26.25,255,128)
HSL(33.75,255,128)
HSL(41.25,255,128)
HSL(48.75,255,128)
HSL(56.25,255,128)
HSL(63.75,255,128)
HSL(71.25,255,128)
HSL(78.75,255,128)
HSL(86.25,255,128)
HSL(93.75,255,128)
HSL(101.25,255,128)
HSL(108.75,255,128)
HSL(116.25,255,128)
HSL(123.75,255,128)
HSL(131.25,255,128)
HSL(138.75,255,128)
HSL(146.25,255,128)
HSL(153.75,255,128)
HSL(161.25,255,128)
HSL(168.75,255,128)
HSL(176.25,255,128)
HSL(183.75,255,128)
HSL(191.25,255,128)
HSL(198.75,255,128)
HSL(206.25,255,128)
HSL(213.75,255,128)
HSL(221.25,255,128)
HSL(228.75,255,128)
HSL(236.25,255,128)
