YUV(78.3125,107.438,199.594)
YUV(82.9375,106.312,190.781)
YUV(87.5625,105.188,181.969)
YUV(92.1875,104.062,173.156)
YUV(96.8125,102.938,164.344)
YUV(101.438,101.812,155.531)
YUV(106.062,100.688,146.719)
YUV(110.688,99.5625,137.906)
YUV(115.312,98.4375,129.094)
YUV(119.938,97.3125,120.281)
YUV(124.562,96.1875,111.469)
YUV(129.188,95.0625,102.656)
YUV(133.812,93.9375,93.8438)
YUV(138.438,92.8125,85.0312)
YUV(143.062,91.6875,76.2188)
YUV(147.688,90.5625,67.4062)
YUV(146.219,92.75,64.5938)
YUV(138.656,98.25,67.7812)
YUV(131.094,103.75,70.9688)
YUV(123.531,109.25,74.1562)
YUV(115.969,114.75,77.3438)
YUV(108.406,120.25,80.5312)
YUV(100.844,125.75,83.7188)
YUV(93.2812,131.25,86.9062)
YUV(85.7188,136.75,90.0938)
YUV(78.1562,142.25,93.2812)
YUV(70.5938,147.75,96.4688)
YUV(63.0312,153.25,99.6562)
YUV(55.4688,158.75,102.844)
YUV(47.9062,164.25,106.031)
YUV(40.3438,169.75,109.219)
YUV(32.7812,175.25,112.406)
