YCbCr(93.6562,88.875,233.562)
YCbCr(96.9688,86.625,220.688)
YCbCr(100.281,84.375,207.812)
YCbCr(103.594,82.125,194.938)
YCbCr(106.906,79.875,182.062)
YCbCr(110.219,77.625,169.188)
YCbCr(113.531,75.375,156.312)
YCbCr(116.844,73.125,143.438)
YCbCr(120.156,70.875,130.562)
YCbCr(123.469,68.625,117.688)
YCbCr(126.781,66.375,104.812)
YCbCr(130.094,64.125,91.9375)
YCbCr(133.406,61.875,79.0625)
YCbCr(136.719,59.625,66.1875)
YCbCr(140.031,57.375,53.3125)
YCbCr(143.344,55.125,40.4375)
YCbCr(141.75,59.8125,36.375)
YCbCr(135.25,71.4375,41.125)
YCbCr(128.75,83.0625,45.875)
YCbCr(122.25,94.6875,50.625)
YCbCr(115.75,106.312,55.375)
YCbCr(109.25,117.938,60.125)
YCbCr(102.75,129.562,64.875)
YCbCr(96.25,141.188,69.625)
YCbCr(89.75,152.812,74.375)
YCbCr(83.25,164.438,79.125)
YCbCr(76.75,176.062,83.875)
YCbCr(70.25,187.688,88.625)
YCbCr(63.75,199.312,93.375)
YCbCr(57.25,210.938,98.125)
YCbCr(50.75,222.562,102.875)
YCbCr(44.25,234.188,107.625)
