Lab(131.5,233.125,220.312)
Lab(138.5,219.375,220.938)
Lab(145.5,205.625,221.562)
Lab(152.5,191.875,222.188)
Lab(159.5,178.125,222.812)
Lab(166.5,164.375,223.438)
Lab(173.5,150.625,224.062)
Lab(180.5,136.875,224.688)
Lab(187.5,123.125,225.312)
Lab(194.5,109.375,225.938)
Lab(201.5,95.625,226.562)
Lab(208.5,81.875,227.188)
Lab(215.5,68.125,227.812)
Lab(222.5,54.375,228.438)
Lab(229.5,40.625,229.062)
Lab(236.5,26.875,229.688)
Lab(234.375,26.5625,222.812)
Lab(223.125,39.6875,208.438)
Lab(211.875,52.8125,194.062)
Lab(200.625,65.9375,179.688)
Lab(189.375,79.0625,165.312)
Lab(178.125,92.1875,150.938)
Lab(166.875,105.312,136.562)
Lab(155.625,118.438,122.188)
Lab(144.375,131.562,107.812)
Lab(133.125,144.688,93.4375)
Lab(121.875,157.812,79.0625)
Lab(110.625,170.938,64.6875)
Lab(99.375,184.062,50.3125)
Lab(88.125,197.188,35.9375)
Lab(76.875,210.312,21.5625)
Lab(65.625,223.438,7.1875)
