XYZ(104.562,58,4.8125)
XYZ(103.688,66,6.4375)
XYZ(102.812,74,8.0625)
XYZ(101.938,82,9.6875)
XYZ(101.062,90,11.3125)
XYZ(100.188,98,12.9375)
XYZ(99.3125,106,14.5625)
XYZ(98.4375,114,16.1875)
XYZ(97.5625,122,17.8125)
XYZ(96.6875,130,19.4375)
XYZ(95.8125,138,21.0625)
XYZ(94.9375,146,22.6875)
XYZ(94.0625,154,24.3125)
XYZ(93.1875,162,25.9375)
XYZ(92.3125,170,27.5625)
XYZ(91.4375,178,29.1875)
XYZ(89.5938,176.875,36.625)
XYZ(86.7812,166.625,49.875)
XYZ(83.9688,156.375,63.125)
XYZ(81.1562,146.125,76.375)
XYZ(78.3438,135.875,89.625)
XYZ(75.5312,125.625,102.875)
XYZ(72.7188,115.375,116.125)
XYZ(69.9062,105.125,129.375)
XYZ(67.0938,94.875,142.625)
XYZ(64.2812,84.625,155.875)
XYZ(61.4688,74.375,169.125)
XYZ(58.6562,64.125,182.375)
XYZ(55.8438,53.875,195.625)
XYZ(53.0312,43.625,208.875)
XYZ(50.2188,33.375,222.125)
XYZ(47.4062,23.125,235.375)
