YIQ(77.1562,201.266,152.578)
YIQ(79.4688,197.797,149.734)
YIQ(81.7812,194.328,146.891)
YIQ(84.0938,190.859,144.047)
YIQ(86.4062,187.391,141.203)
YIQ(88.7188,183.922,138.359)
YIQ(91.0312,180.453,135.516)
YIQ(93.3438,176.984,132.672)
YIQ(95.6562,173.516,129.828)
YIQ(97.9688,170.047,126.984)
YIQ(100.281,166.578,124.141)
YIQ(102.594,163.109,121.297)
YIQ(104.906,159.641,118.453)
YIQ(107.219,156.172,115.609)
YIQ(109.531,152.703,112.766)
YIQ(111.844,149.234,109.922)
YIQ(114.156,145.766,107.078)
YIQ(116.469,142.297,104.234)
YIQ(118.781,138.828,101.391)
YIQ(121.094,135.359,98.5469)
YIQ(123.406,131.891,95.7031)
YIQ(125.719,128.422,92.8594)
YIQ(128.031,124.953,90.0156)
YIQ(130.344,121.484,87.1719)
YIQ(132.656,118.016,84.3281)
YIQ(134.969,114.547,81.4844)
YIQ(137.281,111.078,78.6406)
YIQ(139.594,107.609,75.7969)
YIQ(141.906,104.141,72.9531)
YIQ(144.219,100.672,70.1094)
YIQ(146.531,97.2031,67.2656)
YIQ(148.844,93.7344,64.4219)
YIQ(148.109,91.9219,64.625)
YIQ(144.328,91.7656,67.875)
YIQ(140.547,91.6094,71.125)
YIQ(136.766,91.4531,74.375)
YIQ(132.984,91.2969,77.625)
YIQ(129.203,91.1406,80.875)
YIQ(125.422,90.9844,84.125)
YIQ(121.641,90.8281,87.375)
YIQ(117.859,90.6719,90.625)
YIQ(114.078,90.5156,93.875)
YIQ(110.297,90.3594,97.125)
YIQ(106.516,90.2031,100.375)
YIQ(102.734,90.0469,103.625)
YIQ(98.9531,89.8906,106.875)
YIQ(95.1719,89.7344,110.125)
YIQ(91.3906,89.5781,113.375)
YIQ(87.6094,89.4219,116.625)
YIQ(83.8281,89.2656,119.875)
YIQ(80.0469,89.1094,123.125)
YIQ(76.2656,88.9531,126.375)
YIQ(72.4844,88.7969,129.625)
YIQ(68.7031,88.6406,132.875)
YIQ(64.9219,88.4844,136.125)
YIQ(61.1406,88.3281,139.375)
YIQ(57.3594,88.1719,142.625)
YIQ(53.5781,88.0156,145.875)
YIQ(49.7969,87.8594,149.125)
YIQ(46.0156,87.7031,152.375)
YIQ(42.2344,87.5469,155.625)
YIQ(38.4531,87.3906,158.875)
YIQ(34.6719,87.2344,162.125)
YIQ(30.8906,87.0781,165.375)
